0210a601 1 0 4264
030ce910 16 32 21275 33577 52257 67932 82140 100795 115247 129432 152812 163295 183542 195095 205215 223270 235712 3307
08109512 18 0 15351 34406 54733 70768 85028 100902 113881 134443 158563 179046 197698 207406 224042 237516 254876 278918 294573 4247
09117f12 18 32 16205 33440 46797 68062 85847 97772 120040 133315 149270 166255 183225 200355 217447 241905 262200 281205 296877 4481
1004ed02 2 0 27923 1263
100f5a13 19 0 15140 26910 41281 60508 74369 88697 103845 116646 132918 145060 159659 180296 192044 210168 228783 245138 262175 277345 3932
13119214 20 0 14865 32290 43177 66760 82675 96370 113890 133952 152855 172815 186615 212915 230845 241530 262157 278012 289145 306835 322935 4500
1411e714 20 33 17033 28865 49313 61530 81033 94945 114655 129905 147820 161190 175825 196058 208588 222505 241025 257065 278223 300290 322423 4585
17121212 18 32 16610 38655 55692 73142 95740 116952 138950 155875 175202 192375 213097 230682 249685 268735 290407 310285 327355 4628
1b116d12 18 0 9527 27557 53337 67272 86652 112595 129927 144980 160225 175335 198122 222832 243425 267387 280842 294877 312927 4463
24126a13 19 75 12250 26820 41805 60667 77800 91650 109750 131595 149625 166660 182635 206812 228585 249500 271500 291162 309860 327410 4717
28101214 20 0 9700 27500 41087 57987 71127 84635 97105 111385 122920 137367 152962 167355 188085 205185 223885 245035 258122 277940 294497 4116
2e0b5c05 5 0 19577 32437 53550 84867 2910
2e100214 20 0 16465 32399 46887 61054 74741 85076 102469 118570 134471 145833 160782 173823 187241 201204 217038 232516 248037 267674 284987 4100
3410af14 20 0 18341 33552 49899 67622 82657 102613 122347 133855 147215 163254 176505 194179 212670 223820 236130 253706 267610 288992 314190 4273
3c111c15 21 0 16125 27797 46697 59115 73172 92550 108975 122922 143325 157122 168975 190947 203922 217725 233400 250915 262015 272562 292165 313240 4382
520fb019 25 0 8247 16597 24315 33927 42060 53892 69415 80857 93320 103557 116960 128045 141840 153377 165635 179322 195810 205702 222695 237715 254080 267170 278035 289027 4018
530abc08 8 0 15755 55772 77250 99965 118642 167017 184362 2750
58097308 8 65 26067 45282 66677 91105 114687 135907 158327 2421
5e120d17 23 0 15922 30550 44047 60625 76147 92722 111322 123547 136147 149342 161415 181517 197415 212495 229172 246745 264187 277065 295572 306310 318545 335972 4623
6a09c30a 10 32 19250 35165 53035 75685 97445 123132 142645 148482 166517 2501
6f09d40a 10 32 17967 44227 63800 80262 102152 118385 132720 152507 172632 2518
7008840a 10 33 14973 30685 44125 61480 76858 92573 108810 123533 148105 2182
700ba008 8 32 29297 67767 96207 118270 143317 171425 203442 2978
7109e50a 10 32 16967 32912 55677 75017 96590 114925 131122 153367 171812 2535
730b750c 12 33 22418 45680 57730 82403 99290 113035 135455 150010 165710 185318 204363 2935
730b8e09 9 32 18455 40755 68860 96110 120180 145617 166312 193577 2960
7809e10a 10 32 21045 35335 60512 82032 101155 117720 135952 152932 178015 2531
7908660a 10 32 16445 31767 51367 68687 81440 97937 113872 129127 143695 2152
7b0ba80d 13 0 14877 32945 44182 57845 79795 98272 115405 140910 154562 164865 180012 195025 2986
800a3209 9 32 17432 43167 71962 89580 116505 136325 153470 174595 2612
820c840b 11 0 17372 39392 64982 79972 105752 129692 141827 157620 180042 199410 3206
8509870a 10 32 15337 30952 49085 63920 83760 104415 127900 146792 168907 2441
870a630b 11 0 15430 33843 53983 71490 95460 113368 132013 144615 160150 178660 2661
890a3e0a 10 0 7877 26060 45242 63467 83832 102162 123942 140377 170757 2624
8c09980b 11 32 18945 36117 50232 62975 78362 91795 106517 118460 133875 169255 2458
8c0c000b 11 0 23447 48752 65357 87815 105077 126650 143107 166282 187952 207577 3074
8d0be50b 11 32 19780 39392 59102 78235 99897 121565 139690 159085 182775 209265 3047
920d9a0b 11 0 14730 39972 81765 108072 129672 150387 171222 194175 214855 244102 3484
960b580b 11 32 18850 40777 61980 77080 97590 115395 139705 157292 179452 201890 2906
9809cb0a 10 32 21695 39920 56707 72995 96570 113567 125847 140682 158945 2509
9811bd0b 11 32 54032 90047 116372 149475 182790 228970 241080 277010 308020 320500 4543
9909a20b 11 32 16720 37535 59700 70827 92130 108637 118895 133720 154970 170795 2468
990c210b 11 0 24917 41360 61792 84355 104722 128315 147497 167732 185935 207065 3107
9b0bac0b 11 0 22023 45273 59535 76143 94790 109275 133960 153070 173605 199050 2990
9e0bac0c 12 0 14625 28952 44985 60085 84167 105960 121682 138500 163970 184062 204097 2990
a00abd0c 12 0 16107 33487 51252 65685 82467 98917 116477 133960 153200 168202 187070 2751
a111d30c 12 0 20947 44242 62810 80990 100395 114915 131385 145300 165425 184777 200902 4565
a30dce0e 14 32 18117 37360 48705 74255 88432 118797 134985 166720 179972 199027 215302 232640 244622 3536
a310c80c 12 0 29965 49200 94850 112930 130212 162972 185395 210982 231835 257247 275990 4298
a70b0d0e 14 0 2600 20140 37562 56377 76872 98277 112532 119827 136785 154807 156942 172790 194605 2831
a90d780d 13 0 20353 39743 56503 74543 91120 108388 128285 149485 167880 187398 206303 227030 3450
ab0bdd0d 13 0 20302 34390 48482 71465 86927 104385 117435 136540 156880 173155 186622 214680 3039
ab0ce50e 14 0 15880 31487 52489 67172 85210 102767 117585 135865 158422 173317 191537 207634 227790 3303
ac0b170a 10 0 19245 42855 67182 95567 110822 132590 147562 172310 194987 2841
b0099e0c 12 32 14785 35190 51020 61235 77585 97092 117700 127310 143797 155957 168845 2464
b00d0e0d 13 32 14707 40375 53185 76862 105162 129185 145880 163187 187817 202747 216250 237475 3344
b20b010c 12 0 21012 36672 58440 73092 89415 101532 119710 136830 152725 172090 190495 2819
b211ce1e 30 0 4737 11637 26050 34920 38897 46837 54992 72605 97710 104385 112715 126785 131685 143495 157460 166810 173482 187642 200847 227677 247220 249977 260897 274022 283012 311415 320360 329532 333260 4560
b30d3e0e 14 33 18988 40678 67470 83763 99028 118080 136705 151648 166865 185480 203890 222833 239670 3392
b30d7b0d 13 32 21380 40070 54162 70790 83977 106497 124470 144515 165562 182790 199860 221895 3453
b50ce70d 13 32 14435 27102 48700 70430 93082 114762 133315 152810 169620 183020 201962 224295 3305
b90ba20c 12 0 20745 37105 52435 71042 87822 109725 127907 146802 164075 182335 199107 2980
ba0afe0d 13 0 14072 28675 44275 61652 74177 92112 104507 122150 140575 157002 169217 183117 2816
ba0afe0d 13 0 14072 28675 44275 61652 74177 92112 104507 122150 140575 157002 169217 183117 2816
ba0afe0d 13 0 15800 34812 50342 67220 84740 100127 115337 126532 142637 163042 176420 189537 2816
ba10240c 12 0 18527 47572 71297 90930 120920 148745 175337 193900 219557 246052 268582 4134
ba12130e 14 0 25482 49837 79272 95920 113962 136607 165442 184647 214310 239020 273577 300435 315612 4629
be0e140e 14 0 19407 34452 51380 70492 97297 116300 141555 154745 173467 191922 211780 230150 250472 3606
c00d490d 13 0 22070 39310 61115 79112 103367 123350 137430 156722 177927 193805 216140 237477 3403
c30b900f 15 0 23150 36600 42695 67425 84570 110822 122867 129687 150820 174820 194832 201805 206992 216097 2962
c60e7b0e 14 0 14563 31378 46105 66813 91358 108545 130005 159230 175533 192208 207458 223693 259170 3709
ca09bf10 16 32 11245 19142 33155 47935 59090 69225 80327 91667 106192 120477 142742 152655 163557 168250 183247 2497
cd0ebd0f 15 0 14410 30775 51110 70627 82127 97560 111570 127055 141995 160222 176402 202397 230317 269985 3775
d30f0311 17 0 16556 30626 46929 62124 83923 94819 108260 119150 135726 147165 165566 180035 200375 217183 235771 264906 3845
dc0df20e 14 0 21233 36708 54030 71993 96400 108575 126505 143640 163805 177930 190585 221048 248663 3572
dd0dd913 19 0 1905 6030 6882 22302 22847 56777 60157 77290 77710 89095 93977 113975 135630 151762 165162 184165 203990 243645 3547
de0c8b0e 14 0 18530 36805 49757 68630 82210 96475 114315 134722 151465 166950 185985 201557 220800 3213
e0123f0f 15 0 22212 48685 72215 90947 118850 145460 159300 173247 196625 222345 240490 265507 298730 328325 4673
ec0cd50f 15 75 12400 29460 43455 59760 73575 96170 110715 125300 138833 154400 173200 188600 207385 224565 3288
ed0f1010 16 0 17892 35267 52660 73892 91952 109682 126570 144357 160805 177562 196010 218250 236640 254152 271317 3858
ed10da11 17 0 19065 39310 58722 77055 100515 119830 144187 164885 180750 198085 219115 237497 256260 269115 288947 305937 4316
f010fe11 17 32 23497 42137 58877 76575 97552 124197 147450 165207 179665 196315 216872 236642 257750 273627 293127 307620 4352
f10e2210 16 0 13328 36488 51510 66195 87790 101480 115613 133703 149983 165043 178330 193280 213385 229758 243900 3620
f2120312 18 0 20427 41590 60160 83885 99220 125497 141362 159817 179157 198972 216020 228992 247917 267145 286375 303855 319705 4613
f7106a11 17 33 20333 36590 53580 70423 89278 107270 132698 147983 162835 177885 195383 217473 236020 252118 269325 292823 4204
f80d8f11 17 32 12670 29157 40532 52007 71045 85795 95745 110545 124870 145670 154145 167782 180707 198570 214457 237857 3473
fc11ef12 18 0 16367 38047 63280 82540 111952 132457 146897 165970 184272 201070 224957 245567 265040 278317 295230 311585 328037 4593
